baseline_session=2026-02-23 12:20:40
resume_session=2026-02-23 12:20:55
common_steps=86 range=4010..4860
delta_vx_mean=0.000000000
delta_vx_min=0.000000000
delta_vx_max=0.000000000
